199155200426057675549
223331355555777767777
235112329401538389113
239316870625472053217
273225679202738124199
283453407513524913023
285512224809394712341
307311313317331337347
335793633605283363121
337347359389701709733
353373383727383373353
357111317192931414359
357131719316189107127
367283149612781288191
373353313191181151131
389367277233211975331
449177399146038697307
455666777788888999999
457000000000000000001
465675465116607065549
555555222777777773333
555555555551111111111
567891011121314151617
653061224489795918369
661662663664665666667
666276812967623946997
666666555554444331223
777777775555552323323
786655453628211510631
808793517812627212561
827125343133121974913
841784729676625576529
860215507816089603379
877666555544444333333
900000000080000000009
944446666669999999999
975319753197531975319
998887766553300224411
999779999159200499899
999997323321167445187
999999999999999543767
1001303203318050290393
1011235813471123581347
1012384965710123854679
1079180598685959785401
1111111191219541112911
1121232123432123454321
1122514137211631432881
1234567891010987654321
1235607889460606009419
1827641252163435127291
1922760350154212639131
1999999999999999999979
2024444666688888688681
2030507011013017019023
2204444666666888888881
2329313741434753596167
2927267684477463686237
3132343537383103113163
3888888886666664444227
3895126220983308449519
4669201609102990671853
4936251694114916253649
4943727411754159833089
4998877665544332211001
5021837752995317770489
5471619276639877320977
5555555555555555555519
7001122334455667788999
7224444666666888888889
7776665554443332221111
7777776666655554443321
7927694924735567527153
8182845904523536028747
8555555555555555555551
8888888866666644024421
8910712752160712792203
8954942912818222989311
9876543210230123456789
10000000000000000002013
10000090001030201070503
10000100000100000100001
10234567890709876543201
10234567898789876543201
10439679896374780276373
11101101101101101101101
11111111111111111111111
11111111111111111111117
11111161111111111111111
11112222222222222222211
11133333555555533333111
11173321694016499835449
11216812520931618913519
12345678911223344556677
12345678911223344556677
12345678911223344556677
13579135795359753197531
16081123194129907217449
17911353193015566712997
18889465931478580854821
19131612631094571991039
19171311753235711131719
19222222222222222222219
19666666666666666666619
21000000000000000000001
22360679774997896964091
23333333333333333333333
25211713952371115192327
25852016738884976645039
29998999999999999999999
30308322353935322380303
32226659275055927557999
32462531054272512000001
35452590104031691935943
37778931862957154241011
38294359833110460235777
40192544398944997349117
41373129231917131175321
59899999999999899899891
70000000000000000000003
75557863725914323419121
77755555333222332222233
78692816150593075150849
79301169838123235887487
98765432101310123456789
98765432101310123456789
98765432109190123456789
99444966988999949669899
99999999999999999999977
99999999999999999991999
